%YAML:1.0
calibration_time: "Sat 29 Jan 2011 04:07:01 PM EST"
nframes: 14
image_width: 2272
image_height: 1704
board_width: 8
board_height: 5
square_size: 2.8999999165534973e-02
flags: 0
camera_matrix: !!opencv-matrix
   rows: 3
   cols: 3
   dt: d
   data: [ 2.6945201516936363e+03, 0., 1.1082686070569873e+03, 0.,
       2.6998114910340573e+03, 8.5252683069742568e+02, 0., 0., 1. ]
distortion_coefficients: !!opencv-matrix
   rows: 5
   cols: 1
   dt: d
   data: [ -1.9620175274180462e-01, 8.8628343695401812e-01,
       -1.2392305510003458e-03, 3.5070770113255689e-03,
       -2.0492339446898478e+00 ]
avg_reprojection_error: 8.4573420037056524e-01
per_view_reprojection_errors: !!opencv-matrix
   rows: 14
   cols: 1
   dt: f
   data: [ 1.00923622e+00, 9.58053768e-01, 6.25201225e-01,
       9.07699108e-01, 9.11930680e-01, 9.11535501e-01, 1.22280014e+00,
       8.95813107e-01, 6.68309450e-01, 6.40215218e-01, 6.99052334e-01,
       8.54985893e-01, 6.20679796e-01, 6.63959503e-01 ]
# a set of 6-tuples (rotation vector + translation vector) for each view
extrinsic_parameters: !!opencv-matrix
   rows: 14
   cols: 6
   dt: f
   data: [ 0., 1.35699999e+00, 0., 0., 0., 0., -2., 1.42399991e+00, 0.,
       0., 0., 1.23199999e+00, -2., 1.42399991e+00, 0., 0., 0.,
       1.35699999e+00, -2., 1.42399991e+00, 0., 0., -2., 1.42399991e+00,
       -2., 1.42399991e+00, 0., 0., 0., 1.48199999e+00, -2.,
       1.42399991e+00, 0., 0., 1.08420217e-19, 1.51999998e+00, -2.,
       1.42399991e+00, 0., 0., -2., 1.54899991e+00, -2., 1.42399991e+00,
       0., 0., 3.68934881e+19, 1.57799995e+00, -2., 1.42399991e+00, 0.,
       0., 0., 0., 0., 1.48199999e+00, 0., 0., 0., 1.23199999e+00, 0.,
       1.48199999e+00, 0., 0., 0., 1.35699999e+00, 0., 1.48199999e+00,
       0., 0., -2., 1.42399991e+00, 0., 1.48199999e+00, 0., 0., 0.,
       1.48199999e+00, 0., 1.48199999e+00, 0., 0., 1.08420217e-19,
       1.51999998e+00 ]
